936386
4894499
8082797
6478787
3733988
9492508
5027810
7762114
4114582
4687120
2014448
1418215
7595924
8293942
7939584
8093544
1094473
3730872
7010805
248139
2890851
9087292
7202554
2540192
7347438
9532831
1226630
8329563
7012823
1445956
5981357
384373
111262
7300057
8244569
7274762
8095595
2223180
7347952
9340102
8352508
9247821
3590550
3528901
506417
3520354
9563090
9253659
5306635
8125130
7085909
6877576
9575146
179552
6771590
8034031
6965156
9159013
9163891
1762626
4173775
9646784
6220698
8018318
2657311
8045288
5450325
9289794
2365480
9731822
1269275
620226
8650777
6859592
4205207
1748697
2705336
6976787
4149513
5730416
3065620
6276960
6759623
4662144
6920368
6006105
5455476
9958150
5141005
9740552
5311027
4071495
9417833
2087499
1103408
6475429
6100206
7268090
5483284
1182667
2827510
5915829
5710042
7530728
5733555
6799862
4151759
4371990
5774577
2267649
9697641
3424848
2631177
3982670
6026673
5761619
2108043
9072976
8408431
6443650
898960
5187752
8455716
6290773
4058502
2449909
1720836
6026506
4611363
8657383
3343734
2331749
668668
9352435
2452212
4019322
314201
4956374
9606455
3854020
34363
3000929
6940138
7359479
6526450
6703648
4909080
1722990
2333094
6938281
4968204
7097954
9168320
2182636
1995990
9434259
5748554
3690898
2818513
3442017
9722395
6489641
8426200
5522272
8150053
7072634
1274932
1043799
1459143
6572579
2731270
7168084
2068495
4127553
6107921
5329375
4426286
3505688
194585
699356
4153092
4517884
8498575
1913213
4522260
2322374
8112128
6041900
7281896
4555025
687068
1106986
2775946
2536945
6781270
1835240
5942175
3213747
8058008
4033878
3323229
4984447
8317892
5467787
3327435
5584152
7705255
5280989
9969777
7776954
1634253
6212982
2944339
9766030
7360746
9172532
6673561
554996
7816479
8377196
7676721
3326583
6178726
4404285
4980971
418972
3554345
8334750
9281343
1656268
3275633
6300030
8684028
3586593
9604467
9877278
6434647
6885057
1501130
9489714
1222769
5985187
966619
9517177
5818627
3512922
8772432
6425734
5589565
5126181
6918593
6623146
1829714
7138352
8421663
2585454
8580428
5405116
6824771
7121453
6682518
5163897
6805827
7630137
7185299
4020441
7519623
7578058
2343230
7405082
4564966
5797900
3889990
2704267
9900185
9374589
4855028
5536628
8511263
4760163
9408214
3435913
2248005
6482381
477163
8719711
8874441
6216612
412439
9827974
7678976
1048138
5228082
9928012
4726778
8330110
5626284
663138
3065543
6987742
8043491
939408
6185098
9873128
7395497
5904835
8891109
4487068
4649383
6171296
8273116
1399568
841990
1026448
3213962
7993400
4490493
4655373
3767754
4759917
5699621
1296881
5679391
5181498
9016171
7441110
5637490
4155956
135049
7312326
4869095
3402269
3932006
5699913
5118755
4280064
2974547
9416264
9976500
7448394
6894975
4355116
7767626
417611
2221227
6973569
1195718
4969675
911798
8945491
6751837
2727501
5132342
7276396
3911916
7762582
7693549
9519546
7499394
1384906
4295338
2160324
6415339
3131311
2272211
408985
7890369
3734564
8463068
692943
2449263
8070926
7707749
7366205
2543582
9276989
8591126
734339
879924
7162877
8739950
4972348
5029169
3491242
9886304
9881566
8933696
7693352
5385601
1997702
6294677
6976800
5779770
6820679
4511600
3853544
1758650
6933788
9889898
3354950
6738202
7698652
1317280
7829100
8616744
9253465
4525036
6389338
8897599
8387889
9244081
4670694
7483843
588940
6967015
4405676
2448643
3779650
5741479
8882568
4521647
3917052
578361
7374052
6209600
6948102
7182545
2036292
4675066
957773
8421187
2712573
3321001
7908054
5139383
5745974
9860399
2869008
292643
5809095
9865283
817591
7519459
5854198
6067484
282720
4395326
7930593
7755139
1798199
406486
9547938
488948
5971521
9836395
5582010
6991779
2068493
6946481
3941966
5461118
9698479
3158559
787063
1352743
6038422
8949138
2428094
4362143
8995620
7525433
2813785
2133755
2733643
2663754
6681789
1065345
4588199
9914728
4079875
6666013
3695764
2448753
315962
8048369
844179
6961140
4335677
9194217
8957520
9373569
575842
7059113
9871767
729048
6584531
7762068
5429556
2978550
3764749
6608633
9176635
673675
1067613
1949195
435109
2514459
9916018
1046464
5423196
2899498
6198141
5086700
259690
6673447
2784182
9793407
4414841
198945
8488336
4341200
7804038
8207306
6231199
6415334
3100543
7844509
9157616
4609091
1460139
2940100
5950341
5161807
3730134
5704445
541325
8337529
7638229
814193
4352951
5552294
9566545
3548867
125374
6258145
289385
9109159
3235862
7794403
652319
3199602
6017084
1732854
2153568
3827375
8618194
7337050
1863248
7082625
870963
3793572
5223313
19101
5531470
2842864
1936241
5318667
581878
5597658
20979
7111760
5566754
2363570
8952594
7574677
8999428
6948741
7704352
6896846
4118354
3039038
1306840
5900319
311204
5140222
7526871
178764
9526071
9818146
1824046
4811159
5147674
2121106
2208241
99888
9968604
1497769
2635312
7287329
7319306
8159049
7139258
6177394
6387069
4557527
1272104
236539
6807226
3564926
9412769
5608516
6533056
7593111
4233461
2348730
3672320
6876800
452127
3744156
6876367
3615162
6097013
1918356
6355321
3652607
6710282
723246
9938447
4023839
2647423
8079093
6178002
5935253
6503023
9005668
3011469
1772669
9852943
6905705
7908657
9872968
5255448
3529174
1540089
843848
8254862
2799536
7997058
8468431
2040184
892481
4780992
6698942
7045991
2125438
8309828
8106526
9897710
5976080
5522976
4001439
1297182
313996
4692945
8228133
3691762
7471397
9273390
1485499
9826847
7651410
1124349
2211865
3325429
237117
6789451
8187506
9155469
610470
9624584
3834627
4674618
2352960
1356165
4976481
554862
2405046
4694058
3143564
7380433
6079875
3605084
8190783
7165549
9634907
203187
9391130
7266584
1140949
702889
3861913
7971164
795908
568754
3315151
7678997
2414813
8259613
8376963
9168882
4864405
9226594
7832000
75967
3867956
2415368
4617817
6678235
1331146
2849572
5687578
8496718
8026390
7795356
3079813
4665495
9891545
4566133
7839188
5797654
9688539
4803921
9142357
9064955
749434
2208021
788784
2036021
4690092
2339931
6348234
194591
9169671
6542644
3595540
688452
9167479
2455901
1853476
4660288
5430648
2274030
3338504
9867263
3244165
8977731
8407987
9275643
6297464
7276879
8484909
7601906
4777734
6712835
98947
839810
9251553
4183107
476849
8912717
6602804
9718874
4104765
8641092
2612123
4926047
3813209
3113146
9128148
9336742
2126633
5489149
1427234
9221735
6677444
5823433
3769536
1538173
2339589
6403242
7983935
1910431
1543088
9071824
249698
1482611
6328680
3320691
504217
5231171
7235425
2495482
9282966
8598598
7899407
1942569
7142201
2421453
8601786
1511032
8214285
1329250
6456302
7093782
7474006
8443932
8065610
6957396
1841785
2469706
9039458
4872167
1408779
1378729
8486011
9255913
2403741
7017728
1431561
5525005
6966645
396373
6090949
4287733
8733965
1382449
6727448
9988581
2959369
257491
1257776
9565531
1629940
619267
380530
8573327
5542569
9698348
9077862
3354291
7424254
6664107
6344722
5801113
9454941
7343881
4812379
4156441
5633372
382391
2631048
3893636
3100277
3045219
108371
6911699
3874755
2425568
8063905
5093817
4199770
1955598
7112757
7433799
7719009
6631740
9564421
8319698
2111140
9849964
9273237
2024873
7524249
4957405
1347282
3431813
6266596
9556397
3703817
3366443
7558963
503210
4237432
2329014
6602357
4383418
7735350
7822468
8323558
8015614
9613229
898923
2162748
7305680
9380105
80543
6641698
6692633
8791263
7421060
9109010
3526392
9912035
9452854
8119736
5996349
6560425
8830360
9383326
2039940
2278314
8678795
6035911
2614047
8856152
9651558
1661338
6467288
126635
8430219
8778890
7463380
3047543
1512066
989681
9096655
2226627
195403
1775779
6183973
2862559
4599521
4754301
1439568
4359754
2124607
1930468
4783430
8288009
1158697
2685622
6256730
8308904
11763
6398139
7124983
7042183
4625835
8283215
776963
2049912
4641351
9992519
4860577
7910364
5167666
693321
9157168
1274032
7530244
6425366
645479
5212187
6671414
2530995
4969709
653085
837197
1919270
846170
6741763
1694184
9243193
1476660
4770441
5876496
7554396
4973024
9910156
9501056
3210988
3785987
3842519
1237373
8597270
3051749
29939
9687332
3002626
8736842
