8997
4096
4214
7956
3206
2194
2542
5811
2252
6230
7589
509
5465
1905
1511
3587
2489
681
7679
3352
4946
5962
3967
6641
6306
6960
9116
7924
6874
1232
3724
2229
7880
9473
5213
8480
7348
8685
3827
4400
7221
9541
1662
226
1368
8167
9276
747
5566
8794
6900
9064
938
6920
7142
5088
707
3387
980
3764
5087
9779
6898
6116
3210
9230
5369
352
723
9806
2054
4529
8140
2446
7500
617
396
7385
2152
2136
8558
2901
8012
9160
6441
1741
4682
5663
9565
3886
7104
9550
3435
8645
7635
3278
6981
7764
6657
5730
555
4175
7327
2930
8329
6619
8433
7987
8611
6464
2233
5842
309
6758
1284
9653
8582
8638
6144
5607
7836
3969
5663
2153
1519
5726
3709
9937
5410
539
8184
1632
7259
7076
6334
3522
5864
8024
1255
5857
7825
9506
9414
2825
4996
1069
2326
9805
2258
223
5222
728
7084
8819
6379
8066
7317
7703
6734
2206
498
8021
7109
2293
2029
7561
9639
3189
5026
513
153
8281
3883
3119
9465
4766
9217
2699
8521
296
3671
7567
9501
8191
287
8414
1491
9076
8861
4313
4295
3452
2750
6187
3340
5712
8465
6512
9658
9301
4654
2746
9284
578
6474
7105
4705
6842
476
6055
3877
2107
5400
229
2361
8651
9408
4264
6176
9729
5419
6178
8262
1057
3517
8194
4127
8338
1598
125
268
3848
4837
298
7995
5546
930
4996
3456
3179
8592
1868
7649
7000
3570
2862
9630
2651
4439
6574
6592
1104
5285
8148
7669
9330
5525
8854
5831
267
912
1917
3925
9034
2650
9360
9289
8807
346
1713
4637
5631
4684
1391
9684
670
2749
1098
394
2204
4928
2683
2329
5305
9605
8184
8393
3519
452
8512
5810
9555
3916
2289
8907
4101
3978
2846
5665
8146
4676
3407
986
5835
3168
8140
5278
1876
8592
2923
9286
9813
4690
8637
7705
6185
4084
5390
886
2066
2550
6846
903
2056
6915
6528
8730
1396
9829
9556
3600
6686
770
3145
3704
620
9362
4122
3724
6399
2166
9633
8002
3929
892
7086
3901
9030
5553
8306
6492
8531
5537
4023
5323
5637
766
3506
6950
7233
8097
9257
9183
8128
7595
9217
2373
1163
4117
796
2617
1365
6530
976
3911
3930
1744
3847
7906
4580
6061
2771
2976
6369
2370
2571
1678
6731
5190
1448
6795
6359
8618
9954
6293
3776
2746
5999
6165
1978
7506
2247
3564
1359
5248
2499
1458
9081
303
3755
2696
3470
3066
5622
7627
2633
2692
8959
179
1858
844
6692
673
9739
5089
1763
1898
2500
8120
2412
550
7164
9734
6972
8025
2682
7676
8054
9155
4965
7837
535
1925
8662
474
5071
8927
5112
8718
8824
6650
3491
6373
4779
1811
7471
8543
3594
8279
9054
2082
4641
3112
3311
8182
2111
5712
7794
3553
3207
6178
7972
8044
5535
6727
7261
7226
6600
2638
7801
7568
2239
7461
7468
6369
3649
9392
8121
2585
9207
8719
475
5164
7318
5656
5005
8887
3798
3895
6285
494
5755
5424
4310
5140
8476
424
7341
306
8528
1745
7832
3515
4412
5747
3938
8444
9901
8156
4805
2098
7372
1743
1846
6141
2602
8628
5746
9871
6222
9164
6141
7829
5681
7855
6402
9137
5098
7634
3185
115
8152
851
2352
9855
7944
3778
9448
4715
1931
3410
2479
306
7402
1613
5886
8264
7542
7836
6227
6985
7609
160
831
8809
2204
5099
8193
4920
3656
6676
8023
4532
3200
9979
3724
1349
2428
4667
3589
1926
6999
9721
319
904
4326
5307
4998
8271
9035
374
152
3060
6256
658
9807
9582
9790
7603
772
409
9234
436
2038
5230
420
7779
8212
5562
7746
666
6847
8754
2251
7250
2047
8094
4647
9296
1920
9983
9075
1258
2250
5395
5467
4434
5701
1977
330
7036
7501
5919
9920
6425
1471
7456
1723
6203
4639
6644
2653
3356
713
1293
7512
780
5236
8672
5090
8496
9213
7704
6731
4916
6036
6980
2054
5047
3806
6410
2084
7246
8169
3889
1751
1097
9056
9357
4673
6874
4207
7277
2653
581
9494
3649
4191
242
9371
1723
9557
9183
1432
1720
323
6950
2402
1798
6456
5320
9119
9844
1268
3973
2716
6811
3572
718
6320
9042
2576
741
5939
5587
581
4221
9711
3774
3074
6684
5157
5388
7526
7840
4392
1473
9858
719
7058
4927
8620
2189
682
2960
4093
9521
7004
4922
9067
1658
918
3684
1638
3933
6941
5753
4074
446
6603
3763
1599
5728
7739
6266
415
7122
3263
1000
3458
3971
3101
1570
5667
204
4494
3054
7659
8193
2591
6954
1157
4285
2804
236
512
5802
8753
9148
312
4689
9994
2814
8688
1539
7790
952
7501
712
5213
3029
1311
2581
3346
5388
7733
5475
7134
7161
1286
7051
284
818
4062
9558
1721
227
8074
1319
2716
2199
8221
2719
9975
8518
6569
3264
9699
4929
9212
4510
8963
7406
3513
5638
981
5599
8633
2064
9875
8919
4896
3046
4872
5672
9240
9547
6596
1978
9927
4593
726
6906
4316
6843
508
2783
835
6208
335
5511
4090
7070
4602
6173
5900
8163
4925
9112
3733
6488
5560
9535
2811
6883
7212
9852
5416
5996
6491
4793
5272
1940
4283
1198
9453
3208
5062
937
8535
6339
176
8966
7222
7371
2996
3344
4966
8652
453
5598
9072
2374
6189
6574
1561
7064
643
7833
3966
4999
8789
4655
9564
3335
7789
7347
5715
7259
3093
7829
9100
7335
8864
3307
4878
8288
9923
945
4111
4105
6297
8404
4392
4920
2302
7137
4573
4970
5042
7822
6574
5691
5873
559
6981
9355
9468
5574
2427
5500
2657
6212
644
3962
9036
3166
9862
9538
5254
6257
2192
1953
3393
5737
9670
2607
7927
5848
1729
635
7080
4583
9653
1684
3455
4597
1448
3175
996
4499
7991
7266
2387
4717
7273
3389
1491
616
6732
8643
3655
4958
4535
6388
5426
6528
2765
6822
9522
1120
843
662
6319
474
2684
2105
5895
2974
1791
8819
4069
6847
5669
7958
4530
4814
3981
1195
5133
